{"row_nodes": [{"name": "EL (Biological replicate 1)", "ini": 18, "clust": 10, "rank": 15, "rankvar": 1, "group": [8.0, 3.0, 3.0, 2.0, 2.0, 1.0, 1.0, 1.0, 1.0, 1.0, 1.0]}, {"name": "EL (Biological replicate 2)", "ini": 17, "clust": 12, "rank": 7, "rankvar": 7, "group": [12.0, 5.0, 4.0, 2.0, 2.0, 1.0, 1.0, 1.0, 1.0, 1.0, 1.0]}, {"name": "EL (Biological replicate 3)", "ini": 16, "clust": 11, "rank": 17, "rankvar": 4, "group": [9.0, 3.0, 3.0, 2.0, 2.0, 1.0, 1.0, 1.0, 1.0, 1.0, 1.0]}, {"name": "ML (Biological replicate 1)", "ini": 15, "clust": 13, "rank": 6, "rankvar": 2, "group": [13.0, 5.0, 4.0, 2.0, 2.0, 1.0, 1.0, 1.0, 1.0, 1.0, 1.0]}, {"name": "ML (Biological replicate 2)", "ini": 14, "clust": 1, "rank": 0, "rankvar": 13, "group": [1.0, 1.0, 1.0, 1.0, 1.0, 1.0, 1.0, 1.0, 1.0, 1.0, 1.0]}, {"name": "ML (Biological replicate 3)", "ini": 13, "clust": 9, "rank": 4, "rankvar": 14, "group": [10.0, 3.0, 3.0, 2.0, 2.0, 1.0, 1.0, 1.0, 1.0, 1.0, 1.0]}, {"name": "SP (Biological replicate 1)", "ini": 12, "clust": 14, "rank": 8, "rankvar": 9, "group": [14.0, 6.0, 5.0, 2.0, 2.0, 1.0, 1.0, 1.0, 1.0, 1.0, 1.0]}, {"name": "SP (Biological replicate 2)", "ini": 11, "clust": 15, "rank": 5, "rankvar": 12, "group": [15.0, 6.0, 5.0, 2.0, 2.0, 1.0, 1.0, 1.0, 1.0, 1.0, 1.0]}, {"name": "SP (Biological replicate 3)", "ini": 10, "clust": 0, "rank": 1, "rankvar": 16, "group": [18.0, 8.0, 6.0, 3.0, 3.0, 2.0, 2.0, 1.0, 1.0, 1.0, 1.0]}, {"name": "EL_TEX (Biological replicate 1)", "ini": 9, "clust": 3, "rank": 3, "rankvar": 5, "group": [11.0, 4.0, 3.0, 2.0, 2.0, 1.0, 1.0, 1.0, 1.0, 1.0, 1.0]}, {"name": "EL_TEX (Biological replicate 2)", "ini": 8, "clust": 7, "rank": 14, "rankvar": 8, "group": [3.0, 3.0, 3.0, 2.0, 2.0, 1.0, 1.0, 1.0, 1.0, 1.0, 1.0]}, {"name": "EL_TEX(Biological replicate 3)", "ini": 7, "clust": 4, "rank": 9, "rankvar": 17, "group": [7.0, 3.0, 3.0, 2.0, 2.0, 1.0, 1.0, 1.0, 1.0, 1.0, 1.0]}, {"name": "ML_TEX (Biological replicate 1)", "ini": 6, "clust": 5, "rank": 10, "rankvar": 15, "group": [6.0, 3.0, 3.0, 2.0, 2.0, 1.0, 1.0, 1.0, 1.0, 1.0, 1.0]}, {"name": "ML_TEX (Biological replicate 2)", "ini": 5, "clust": 6, "rank": 16, "rankvar": 10, "group": [5.0, 3.0, 3.0, 2.0, 2.0, 1.0, 1.0, 1.0, 1.0, 1.0, 1.0]}, {"name": "ML_TEX (Biological replicate 3)", "ini": 4, "clust": 8, "rank": 13, "rankvar": 11, "group": [4.0, 3.0, 3.0, 2.0, 2.0, 1.0, 1.0, 1.0, 1.0, 1.0, 1.0]}, {"name": "SP_TEX (Biological replicate 1)", "ini": 3, "clust": 16, "rank": 12, "rankvar": 0, "group": [16.0, 7.0, 5.0, 2.0, 2.0, 1.0, 1.0, 1.0, 1.0, 1.0, 1.0]}, {"name": "SP_TEX (Biological replicate 2)", "ini": 2, "clust": 2, "rank": 2, "rankvar": 3, "group": [2.0, 2.0, 2.0, 1.0, 1.0, 1.0, 1.0, 1.0, 1.0, 1.0, 1.0]}, {"name": "SP_TEX (Biological replicate 3)", "ini": 1, "clust": 17, "rank": 11, "rankvar": 6, "group": [17.0, 7.0, 5.0, 2.0, 2.0, 1.0, 1.0, 1.0, 1.0, 1.0, 1.0]}], "col_nodes": [{"name": "EL (Biological replicate 1)", "ini": 18, "clust": 10, "rank": 15, "rankvar": 1, "group": [8.0, 3.0, 3.0, 2.0, 2.0, 1.0, 1.0, 1.0, 1.0, 1.0, 1.0]}, {"name": "EL (Biological replicate 2)", "ini": 17, "clust": 12, "rank": 7, "rankvar": 7, "group": [12.0, 5.0, 4.0, 2.0, 2.0, 1.0, 1.0, 1.0, 1.0, 1.0, 1.0]}, {"name": "EL (Biological replicate 3)", "ini": 16, "clust": 11, "rank": 17, "rankvar": 4, "group": [9.0, 3.0, 3.0, 2.0, 2.0, 1.0, 1.0, 1.0, 1.0, 1.0, 1.0]}, {"name": "ML (Biological replicate 1)", "ini": 15, "clust": 13, "rank": 6, "rankvar": 2, "group": [13.0, 5.0, 4.0, 2.0, 2.0, 1.0, 1.0, 1.0, 1.0, 1.0, 1.0]}, {"name": "ML (Biological replicate 2)", "ini": 14, "clust": 1, "rank": 0, "rankvar": 13, "group": [1.0, 1.0, 1.0, 1.0, 1.0, 1.0, 1.0, 1.0, 1.0, 1.0, 1.0]}, {"name": "ML (Biological replicate 3)", "ini": 13, "clust": 9, "rank": 4, "rankvar": 14, "group": [10.0, 3.0, 3.0, 2.0, 2.0, 1.0, 1.0, 1.0, 1.0, 1.0, 1.0]}, {"name": "SP (Biological replicate 1)", "ini": 12, "clust": 14, "rank": 8, "rankvar": 9, "group": [14.0, 6.0, 5.0, 2.0, 2.0, 1.0, 1.0, 1.0, 1.0, 1.0, 1.0]}, {"name": "SP (Biological replicate 2)", "ini": 11, "clust": 15, "rank": 5, "rankvar": 12, "group": [15.0, 6.0, 5.0, 2.0, 2.0, 1.0, 1.0, 1.0, 1.0, 1.0, 1.0]}, {"name": "SP (Biological replicate 3)", "ini": 10, "clust": 0, "rank": 1, "rankvar": 16, "group": [18.0, 8.0, 6.0, 3.0, 3.0, 2.0, 2.0, 1.0, 1.0, 1.0, 1.0]}, {"name": "EL_TEX (Biological replicate 1)", "ini": 9, "clust": 3, "rank": 3, "rankvar": 5, "group": [11.0, 4.0, 3.0, 2.0, 2.0, 1.0, 1.0, 1.0, 1.0, 1.0, 1.0]}, {"name": "EL_TEX (Biological replicate 2)", "ini": 8, "clust": 7, "rank": 14, "rankvar": 8, "group": [3.0, 3.0, 3.0, 2.0, 2.0, 1.0, 1.0, 1.0, 1.0, 1.0, 1.0]}, {"name": "EL_TEX(Biological replicate 3)", "ini": 7, "clust": 4, "rank": 9, "rankvar": 17, "group": [7.0, 3.0, 3.0, 2.0, 2.0, 1.0, 1.0, 1.0, 1.0, 1.0, 1.0]}, {"name": "ML_TEX (Biological replicate 1)", "ini": 6, "clust": 5, "rank": 10, "rankvar": 15, "group": [6.0, 3.0, 3.0, 2.0, 2.0, 1.0, 1.0, 1.0, 1.0, 1.0, 1.0]}, {"name": "ML_TEX (Biological replicate 2)", "ini": 5, "clust": 6, "rank": 16, "rankvar": 10, "group": [5.0, 3.0, 3.0, 2.0, 2.0, 1.0, 1.0, 1.0, 1.0, 1.0, 1.0]}, {"name": "ML_TEX (Biological replicate 3)", "ini": 4, "clust": 8, "rank": 13, "rankvar": 11, "group": [4.0, 3.0, 3.0, 2.0, 2.0, 1.0, 1.0, 1.0, 1.0, 1.0, 1.0]}, {"name": "SP_TEX (Biological replicate 1)", "ini": 3, "clust": 16, "rank": 12, "rankvar": 0, "group": [16.0, 7.0, 5.0, 2.0, 2.0, 1.0, 1.0, 1.0, 1.0, 1.0, 1.0]}, {"name": "SP_TEX (Biological replicate 2)", "ini": 2, "clust": 2, "rank": 2, "rankvar": 3, "group": [2.0, 2.0, 2.0, 1.0, 1.0, 1.0, 1.0, 1.0, 1.0, 1.0, 1.0]}, {"name": "SP_TEX (Biological replicate 3)", "ini": 1, "clust": 17, "rank": 11, "rankvar": 6, "group": [17.0, 7.0, 5.0, 2.0, 2.0, 1.0, 1.0, 1.0, 1.0, 1.0, 1.0]}], "links": [], "mat": [[1.0, 0.7641719731835287, 0.9629072809508333, 0.7906364059431206, 0.6541948559069367, 0.8976719092626609, 0.7703182170263944, 0.7409091617460234, 0.6295298846544175, 0.8211425132471769, 0.8418809901933753, 0.8730570496046874, 0.8116186117444079, 0.8987020664886546, 0.854189048517851, 0.79308919522686, 0.6702035401077081, 0.7858138014402024], [0.7641719731835287, 1.0, 0.7771218324786705, 0.8936255934351742, 0.7440505907536784, 0.747536880623581, 0.7165608451037864, 0.7272905035714811, 0.4995023968271546, 0.6036593965641749, 0.8001582922031217, 0.6935038342491585, 0.7248777903309579, 0.7722447953569861, 0.785982534814356, 0.8375957890365864, 0.6481201292316102, 0.7670384692195821], [0.9629072809508333, 0.7771218324786705, 1.0, 0.7760292950990594, 0.62348139805123, 0.910182366118115, 0.7784311401314236, 0.7634536014369957, 0.6536983505828369, 0.8473676985002869, 0.8948920286440125, 0.8855002153479085, 0.846928038273372, 0.9286861943954668, 0.8820396940412034, 0.8111803635458005, 0.6842453887840615, 0.8083611646085471], [0.7906364059431206, 0.8936255934351742, 0.7760292950990594, 1.0, 0.7797633195469234, 0.7480037530357175, 0.7786758972921648, 0.7438161713563521, 0.5311623673452648, 0.6075692411829712, 0.7530582175966505, 0.7168414828532794, 0.7023580451837729, 0.7309607162252456, 0.7781741651237896, 0.7746949840563787, 0.6329364419520261, 0.7558332751362052], [0.6541948559069367, 0.7440505907536784, 0.62348139805123, 0.7797633195469234, 1.0, 0.5925420797160071, 0.5707768086762368, 0.48951510732505676, 0.4839526489102224, 0.6761832506614078, 0.5563082275748743, 0.4590423436667461, 0.5077115385338641, 0.5963233387135097, 0.5863151400746501, 0.6249221249775277, 0.7040611883070836, 0.519875341177522], [0.8976719092626609, 0.747536880623581, 0.910182366118115, 0.7480037530357175, 0.5925420797160071, 1.0, 0.6004998848468753, 0.6022294036948909, 0.4369876633816364, 0.7410812222683364, 0.8121242382282705, 0.8115187406993357, 0.7578475530009634, 0.8574306256302926, 0.8256360896215016, 0.717654784834345, 0.6102574213940833, 0.6944041007419731], [0.7703182170263944, 0.7165608451037864, 0.7784311401314236, 0.7786758972921648, 0.5707768086762368, 0.6004998848468753, 1.0, 0.9502366220330013, 0.8601819377248817, 0.6600703131786537, 0.7418873331050487, 0.6833927875818429, 0.7103315597657534, 0.7117813800248298, 0.742706048720538, 0.813196693307794, 0.575854753450476, 0.87893643595146], [0.7409091617460234, 0.7272905035714811, 0.7634536014369957, 0.7438161713563521, 0.48951510732505676, 0.6022294036948909, 0.9502366220330013, 1.0, 0.7904000364920667, 0.644784539799289, 0.7625443241044724, 0.6878938599757736, 0.7496169107982372, 0.7250279274469963, 0.7629932585592315, 0.8272739370036369, 0.5291389957063788, 0.8948467424796943], [0.6295298846544175, 0.4995023968271546, 0.6536983505828369, 0.5311623673452648, 0.4839526489102224, 0.4369876633816364, 0.8601819377248817, 0.7904000364920667, 1.0, 0.6704987196390959, 0.6018654319012158, 0.4985331529913598, 0.5137459890972974, 0.564216665032693, 0.5333260751211832, 0.6584296819275695, 0.5624097367620481, 0.7261108959536177], [0.8211425132471769, 0.6036593965641749, 0.8473676985002869, 0.6075692411829712, 0.6761832506614078, 0.7410812222683364, 0.6600703131786537, 0.644784539799289, 0.6704987196390959, 1.0, 0.8078301495670807, 0.7386633397893244, 0.7776888666900444, 0.8557157712896132, 0.7875440690763356, 0.6714398191334426, 0.6802712143074727, 0.6451306213433387], [0.8418809901933753, 0.8001582922031217, 0.8948920286440125, 0.7530582175966505, 0.5563082275748743, 0.8121242382282705, 0.7418873331050487, 0.7625443241044724, 0.6018654319012158, 0.8078301495670807, 1.0, 0.8956817882273053, 0.9179249240067993, 0.9331615322951294, 0.9314926228456437, 0.7953288026341305, 0.6681772833746661, 0.7904874981446572], [0.8730570496046874, 0.6935038342491585, 0.8855002153479085, 0.7168414828532794, 0.4590423436667461, 0.8115187406993357, 0.6833927875818429, 0.6878938599757736, 0.4985331529913598, 0.7386633397893244, 0.8956817882273053, 1.0, 0.888204423011602, 0.9097120641720472, 0.9145284131784769, 0.7252869691217272, 0.6143301589765902, 0.7578536356106974], [0.8116186117444079, 0.7248777903309579, 0.846928038273372, 0.7023580451837729, 0.5077115385338641, 0.7578475530009634, 0.7103315597657534, 0.7496169107982372, 0.5137459890972974, 0.7776888666900444, 0.9179249240067993, 0.888204423011602, 1.0, 0.9408117503589098, 0.9490416985731938, 0.7325330926500899, 0.5665038671652683, 0.7181366805575219], [0.8987020664886546, 0.7722447953569861, 0.9286861943954668, 0.7309607162252456, 0.5963233387135097, 0.8574306256302926, 0.7117813800248298, 0.7250279274469963, 0.564216665032693, 0.8557157712896132, 0.9331615322951294, 0.9097120641720472, 0.9408117503589098, 1.0, 0.9396197248771598, 0.7829615167919255, 0.6790593851419323, 0.7395096985228319], [0.854189048517851, 0.785982534814356, 0.8820396940412034, 0.7781741651237896, 0.5863151400746501, 0.8256360896215016, 0.742706048720538, 0.7629932585592315, 0.5333260751211832, 0.7875440690763356, 0.9314926228456437, 0.9145284131784769, 0.9490416985731938, 0.9396197248771598, 1.0, 0.7803397132731618, 0.6268139441137867, 0.7801566319541243], [0.79308919522686, 0.8375957890365864, 0.8111803635458005, 0.7746949840563787, 0.6249221249775277, 0.717654784834345, 0.813196693307794, 0.8272739370036369, 0.6584296819275695, 0.6714398191334426, 0.7953288026341305, 0.7252869691217272, 0.7325330926500899, 0.7829615167919255, 0.7803397132731618, 1.0, 0.7546703775814623, 0.9070230136361394], [0.6702035401077081, 0.6481201292316102, 0.6842453887840615, 0.6329364419520261, 0.7040611883070836, 0.6102574213940833, 0.575854753450476, 0.5291389957063788, 0.5624097367620481, 0.6802712143074727, 0.6681772833746661, 0.6143301589765902, 0.5665038671652683, 0.6790593851419323, 0.6268139441137867, 0.7546703775814623, 1.0, 0.7018272564098913], [0.7858138014402024, 0.7670384692195821, 0.8083611646085471, 0.7558332751362052, 0.519875341177522, 0.6944041007419731, 0.87893643595146, 0.8948467424796943, 0.7261108959536177, 0.6451306213433387, 0.7904874981446572, 0.7578536356106974, 0.7181366805575219, 0.7395096985228319, 0.7801566319541243, 0.9070230136361394, 0.7018272564098913, 1.0]], "cat_colors": {"row": {}, "col": {}}, "views": [{"N_row_sum": "all", "dist": "cos", "nodes": {"row_nodes": [{"name": "EL (Biological replicate 1)", "ini": 18, "clust": 10, "rank": 15, "rankvar": 1, "group": [8.0, 3.0, 3.0, 2.0, 2.0, 1.0, 1.0, 1.0, 1.0, 1.0, 1.0]}, {"name": "EL (Biological replicate 2)", "ini": 17, "clust": 12, "rank": 7, "rankvar": 7, "group": [12.0, 5.0, 4.0, 2.0, 2.0, 1.0, 1.0, 1.0, 1.0, 1.0, 1.0]}, {"name": "EL (Biological replicate 3)", "ini": 16, "clust": 11, "rank": 17, "rankvar": 4, "group": [9.0, 3.0, 3.0, 2.0, 2.0, 1.0, 1.0, 1.0, 1.0, 1.0, 1.0]}, {"name": "ML (Biological replicate 1)", "ini": 15, "clust": 13, "rank": 6, "rankvar": 2, "group": [13.0, 5.0, 4.0, 2.0, 2.0, 1.0, 1.0, 1.0, 1.0, 1.0, 1.0]}, {"name": "ML (Biological replicate 2)", "ini": 14, "clust": 1, "rank": 0, "rankvar": 13, "group": [1.0, 1.0, 1.0, 1.0, 1.0, 1.0, 1.0, 1.0, 1.0, 1.0, 1.0]}, {"name": "ML (Biological replicate 3)", "ini": 13, "clust": 9, "rank": 4, "rankvar": 14, "group": [10.0, 3.0, 3.0, 2.0, 2.0, 1.0, 1.0, 1.0, 1.0, 1.0, 1.0]}, {"name": "SP (Biological replicate 1)", "ini": 12, "clust": 14, "rank": 8, "rankvar": 9, "group": [14.0, 6.0, 5.0, 2.0, 2.0, 1.0, 1.0, 1.0, 1.0, 1.0, 1.0]}, {"name": "SP (Biological replicate 2)", "ini": 11, "clust": 15, "rank": 5, "rankvar": 12, "group": [15.0, 6.0, 5.0, 2.0, 2.0, 1.0, 1.0, 1.0, 1.0, 1.0, 1.0]}, {"name": "SP (Biological replicate 3)", "ini": 10, "clust": 0, "rank": 1, "rankvar": 16, "group": [18.0, 8.0, 6.0, 3.0, 3.0, 2.0, 2.0, 1.0, 1.0, 1.0, 1.0]}, {"name": "EL_TEX (Biological replicate 1)", "ini": 9, "clust": 3, "rank": 3, "rankvar": 5, "group": [11.0, 4.0, 3.0, 2.0, 2.0, 1.0, 1.0, 1.0, 1.0, 1.0, 1.0]}, {"name": "EL_TEX (Biological replicate 2)", "ini": 8, "clust": 7, "rank": 14, "rankvar": 8, "group": [3.0, 3.0, 3.0, 2.0, 2.0, 1.0, 1.0, 1.0, 1.0, 1.0, 1.0]}, {"name": "EL_TEX(Biological replicate 3)", "ini": 7, "clust": 4, "rank": 9, "rankvar": 17, "group": [7.0, 3.0, 3.0, 2.0, 2.0, 1.0, 1.0, 1.0, 1.0, 1.0, 1.0]}, {"name": "ML_TEX (Biological replicate 1)", "ini": 6, "clust": 5, "rank": 10, "rankvar": 15, "group": [6.0, 3.0, 3.0, 2.0, 2.0, 1.0, 1.0, 1.0, 1.0, 1.0, 1.0]}, {"name": "ML_TEX (Biological replicate 2)", "ini": 5, "clust": 6, "rank": 16, "rankvar": 10, "group": [5.0, 3.0, 3.0, 2.0, 2.0, 1.0, 1.0, 1.0, 1.0, 1.0, 1.0]}, {"name": "ML_TEX (Biological replicate 3)", "ini": 4, "clust": 8, "rank": 13, "rankvar": 11, "group": [4.0, 3.0, 3.0, 2.0, 2.0, 1.0, 1.0, 1.0, 1.0, 1.0, 1.0]}, {"name": "SP_TEX (Biological replicate 1)", "ini": 3, "clust": 16, "rank": 12, "rankvar": 0, "group": [16.0, 7.0, 5.0, 2.0, 2.0, 1.0, 1.0, 1.0, 1.0, 1.0, 1.0]}, {"name": "SP_TEX (Biological replicate 2)", "ini": 2, "clust": 2, "rank": 2, "rankvar": 3, "group": [2.0, 2.0, 2.0, 1.0, 1.0, 1.0, 1.0, 1.0, 1.0, 1.0, 1.0]}, {"name": "SP_TEX (Biological replicate 3)", "ini": 1, "clust": 17, "rank": 11, "rankvar": 6, "group": [17.0, 7.0, 5.0, 2.0, 2.0, 1.0, 1.0, 1.0, 1.0, 1.0, 1.0]}], "col_nodes": [{"name": "EL (Biological replicate 1)", "ini": 18, "clust": 10, "rank": 15, "rankvar": 1, "group": [8.0, 3.0, 3.0, 2.0, 2.0, 1.0, 1.0, 1.0, 1.0, 1.0, 1.0]}, {"name": "EL (Biological replicate 2)", "ini": 17, "clust": 12, "rank": 7, "rankvar": 7, "group": [12.0, 5.0, 4.0, 2.0, 2.0, 1.0, 1.0, 1.0, 1.0, 1.0, 1.0]}, {"name": "EL (Biological replicate 3)", "ini": 16, "clust": 11, "rank": 17, "rankvar": 4, "group": [9.0, 3.0, 3.0, 2.0, 2.0, 1.0, 1.0, 1.0, 1.0, 1.0, 1.0]}, {"name": "ML (Biological replicate 1)", "ini": 15, "clust": 13, "rank": 6, "rankvar": 2, "group": [13.0, 5.0, 4.0, 2.0, 2.0, 1.0, 1.0, 1.0, 1.0, 1.0, 1.0]}, {"name": "ML (Biological replicate 2)", "ini": 14, "clust": 1, "rank": 0, "rankvar": 13, "group": [1.0, 1.0, 1.0, 1.0, 1.0, 1.0, 1.0, 1.0, 1.0, 1.0, 1.0]}, {"name": "ML (Biological replicate 3)", "ini": 13, "clust": 9, "rank": 4, "rankvar": 14, "group": [10.0, 3.0, 3.0, 2.0, 2.0, 1.0, 1.0, 1.0, 1.0, 1.0, 1.0]}, {"name": "SP (Biological replicate 1)", "ini": 12, "clust": 14, "rank": 8, "rankvar": 9, "group": [14.0, 6.0, 5.0, 2.0, 2.0, 1.0, 1.0, 1.0, 1.0, 1.0, 1.0]}, {"name": "SP (Biological replicate 2)", "ini": 11, "clust": 15, "rank": 5, "rankvar": 12, "group": [15.0, 6.0, 5.0, 2.0, 2.0, 1.0, 1.0, 1.0, 1.0, 1.0, 1.0]}, {"name": "SP (Biological replicate 3)", "ini": 10, "clust": 0, "rank": 1, "rankvar": 16, "group": [18.0, 8.0, 6.0, 3.0, 3.0, 2.0, 2.0, 1.0, 1.0, 1.0, 1.0]}, {"name": "EL_TEX (Biological replicate 1)", "ini": 9, "clust": 3, "rank": 3, "rankvar": 5, "group": [11.0, 4.0, 3.0, 2.0, 2.0, 1.0, 1.0, 1.0, 1.0, 1.0, 1.0]}, {"name": "EL_TEX (Biological replicate 2)", "ini": 8, "clust": 7, "rank": 14, "rankvar": 8, "group": [3.0, 3.0, 3.0, 2.0, 2.0, 1.0, 1.0, 1.0, 1.0, 1.0, 1.0]}, {"name": "EL_TEX(Biological replicate 3)", "ini": 7, "clust": 4, "rank": 9, "rankvar": 17, "group": [7.0, 3.0, 3.0, 2.0, 2.0, 1.0, 1.0, 1.0, 1.0, 1.0, 1.0]}, {"name": "ML_TEX (Biological replicate 1)", "ini": 6, "clust": 5, "rank": 10, "rankvar": 15, "group": [6.0, 3.0, 3.0, 2.0, 2.0, 1.0, 1.0, 1.0, 1.0, 1.0, 1.0]}, {"name": "ML_TEX (Biological replicate 2)", "ini": 5, "clust": 6, "rank": 16, "rankvar": 10, "group": [5.0, 3.0, 3.0, 2.0, 2.0, 1.0, 1.0, 1.0, 1.0, 1.0, 1.0]}, {"name": "ML_TEX (Biological replicate 3)", "ini": 4, "clust": 8, "rank": 13, "rankvar": 11, "group": [4.0, 3.0, 3.0, 2.0, 2.0, 1.0, 1.0, 1.0, 1.0, 1.0, 1.0]}, {"name": "SP_TEX (Biological replicate 1)", "ini": 3, "clust": 16, "rank": 12, "rankvar": 0, "group": [16.0, 7.0, 5.0, 2.0, 2.0, 1.0, 1.0, 1.0, 1.0, 1.0, 1.0]}, {"name": "SP_TEX (Biological replicate 2)", "ini": 2, "clust": 2, "rank": 2, "rankvar": 3, "group": [2.0, 2.0, 2.0, 1.0, 1.0, 1.0, 1.0, 1.0, 1.0, 1.0, 1.0]}, {"name": "SP_TEX (Biological replicate 3)", "ini": 1, "clust": 17, "rank": 11, "rankvar": 6, "group": [17.0, 7.0, 5.0, 2.0, 2.0, 1.0, 1.0, 1.0, 1.0, 1.0, 1.0]}]}}, {"N_row_sum": 10, "dist": "cos", "nodes": {"row_nodes": [{"name": "EL (Biological replicate 3)", "ini": 10, "clust": 0, "rank": 9, "rankvar": 2, "group": [1.0, 1.0, 1.0, 1.0, 1.0, 1.0, 1.0, 1.0, 1.0, 1.0, 1.0]}, {"name": "ML_TEX (Biological replicate 2)", "ini": 9, "clust": 4, "rank": 8, "rankvar": 6, "group": [5.0, 2.0, 1.0, 1.0, 1.0, 1.0, 1.0, 1.0, 1.0, 1.0, 1.0]}, {"name": "EL (Biological replicate 1)", "ini": 8, "clust": 1, "rank": 7, "rankvar": 1, "group": [2.0, 1.0, 1.0, 1.0, 1.0, 1.0, 1.0, 1.0, 1.0, 1.0, 1.0]}, {"name": "EL_TEX (Biological replicate 2)", "ini": 7, "clust": 5, "rank": 6, "rankvar": 4, "group": [3.0, 2.0, 1.0, 1.0, 1.0, 1.0, 1.0, 1.0, 1.0, 1.0, 1.0]}, {"name": "ML_TEX (Biological replicate 3)", "ini": 6, "clust": 6, "rank": 5, "rankvar": 7, "group": [4.0, 2.0, 1.0, 1.0, 1.0, 1.0, 1.0, 1.0, 1.0, 1.0, 1.0]}, {"name": "SP_TEX (Biological replicate 1)", "ini": 5, "clust": 8, "rank": 4, "rankvar": 0, "group": [8.0, 3.0, 2.0, 2.0, 2.0, 2.0, 1.0, 1.0, 1.0, 1.0, 1.0]}, {"name": "SP_TEX (Biological replicate 3)", "ini": 4, "clust": 9, "rank": 3, "rankvar": 3, "group": [9.0, 3.0, 2.0, 2.0, 2.0, 2.0, 1.0, 1.0, 1.0, 1.0, 1.0]}, {"name": "ML_TEX (Biological replicate 1)", "ini": 3, "clust": 3, "rank": 2, "rankvar": 8, "group": [6.0, 2.0, 1.0, 1.0, 1.0, 1.0, 1.0, 1.0, 1.0, 1.0, 1.0]}, {"name": "EL_TEX(Biological replicate 3)", "ini": 2, "clust": 2, "rank": 1, "rankvar": 9, "group": [7.0, 2.0, 1.0, 1.0, 1.0, 1.0, 1.0, 1.0, 1.0, 1.0, 1.0]}, {"name": "SP (Biological replicate 1)", "ini": 1, "clust": 7, "rank": 0, "rankvar": 5, "group": [10.0, 4.0, 3.0, 2.0, 2.0, 2.0, 1.0, 1.0, 1.0, 1.0, 1.0]}], "col_nodes": [{"name": "EL (Biological replicate 1)", "ini": 18, "clust": 1, "rank": 13, "rankvar": 5, "group": [1.0, 1.0, 1.0, 1.0, 1.0, 1.0, 1.0, 1.0, 1.0, 1.0, 1.0]}, {"name": "EL (Biological replicate 2)", "ini": 17, "clust": 16, "rank": 5, "rankvar": 1, "group": [15.0, 5.0, 3.0, 2.0, 1.0, 1.0, 1.0, 1.0, 1.0, 1.0, 1.0]}, {"name": "EL (Biological replicate 3)", "ini": 16, "clust": 2, "rank": 17, "rankvar": 4, "group": [2.0, 1.0, 1.0, 1.0, 1.0, 1.0, 1.0, 1.0, 1.0, 1.0, 1.0]}, {"name": "ML (Biological replicate 1)", "ini": 15, "clust": 17, "rank": 3, "rankvar": 0, "group": [16.0, 5.0, 3.0, 2.0, 1.0, 1.0, 1.0, 1.0, 1.0, 1.0, 1.0]}, {"name": "ML (Biological replicate 2)", "ini": 14, "clust": 14, "rank": 0, "rankvar": 3, "group": [18.0, 5.0, 3.0, 2.0, 1.0, 1.0, 1.0, 1.0, 1.0, 1.0, 1.0]}, {"name": "ML (Biological replicate 3)", "ini": 13, "clust": 0, "rank": 8, "rankvar": 13, "group": [3.0, 1.0, 1.0, 1.0, 1.0, 1.0, 1.0, 1.0, 1.0, 1.0, 1.0]}, {"name": "SP (Biological replicate 1)", "ini": 12, "clust": 10, "rank": 6, "rankvar": 12, "group": [10.0, 3.0, 2.0, 2.0, 1.0, 1.0, 1.0, 1.0, 1.0, 1.0, 1.0]}, {"name": "SP (Biological replicate 2)", "ini": 11, "clust": 11, "rank": 7, "rankvar": 8, "group": [11.0, 3.0, 2.0, 2.0, 1.0, 1.0, 1.0, 1.0, 1.0, 1.0, 1.0]}, {"name": "SP (Biological replicate 3)", "ini": 10, "clust": 9, "rank": 1, "rankvar": 17, "group": [12.0, 3.0, 2.0, 2.0, 1.0, 1.0, 1.0, 1.0, 1.0, 1.0, 1.0]}, {"name": "EL_TEX (Biological replicate 1)", "ini": 9, "clust": 4, "rank": 4, "rankvar": 6, "group": [4.0, 2.0, 1.0, 1.0, 1.0, 1.0, 1.0, 1.0, 1.0, 1.0, 1.0]}, {"name": "EL_TEX (Biological replicate 2)", "ini": 8, "clust": 6, "rank": 14, "rankvar": 7, "group": [8.0, 2.0, 1.0, 1.0, 1.0, 1.0, 1.0, 1.0, 1.0, 1.0, 1.0]}, {"name": "EL_TEX(Biological replicate 3)", "ini": 7, "clust": 3, "rank": 12, "rankvar": 15, "group": [9.0, 2.0, 1.0, 1.0, 1.0, 1.0, 1.0, 1.0, 1.0, 1.0, 1.0]}, {"name": "ML_TEX (Biological replicate 1)", "ini": 6, "clust": 7, "rank": 11, "rankvar": 16, "group": [6.0, 2.0, 1.0, 1.0, 1.0, 1.0, 1.0, 1.0, 1.0, 1.0, 1.0]}, {"name": "ML_TEX (Biological replicate 2)", "ini": 5, "clust": 5, "rank": 16, "rankvar": 14, "group": [5.0, 2.0, 1.0, 1.0, 1.0, 1.0, 1.0, 1.0, 1.0, 1.0, 1.0]}, {"name": "ML_TEX (Biological replicate 3)", "ini": 4, "clust": 8, "rank": 15, "rankvar": 10, "group": [7.0, 2.0, 1.0, 1.0, 1.0, 1.0, 1.0, 1.0, 1.0, 1.0, 1.0]}, {"name": "SP_TEX (Biological replicate 1)", "ini": 3, "clust": 12, "rank": 9, "rankvar": 9, "group": [13.0, 4.0, 3.0, 2.0, 1.0, 1.0, 1.0, 1.0, 1.0, 1.0, 1.0]}, {"name": "SP_TEX (Biological replicate 2)", "ini": 2, "clust": 15, "rank": 2, "rankvar": 2, "group": [17.0, 5.0, 3.0, 2.0, 1.0, 1.0, 1.0, 1.0, 1.0, 1.0, 1.0]}, {"name": "SP_TEX (Biological replicate 3)", "ini": 1, "clust": 13, "rank": 10, "rankvar": 11, "group": [14.0, 4.0, 3.0, 2.0, 1.0, 1.0, 1.0, 1.0, 1.0, 1.0, 1.0]}]}}]}